% property file propeller and pointcloud hard coded constantss

% User chosen Name for the Propeller
propName = 'Tmotor_12x4';

propDiameter = 12; % inches
trueRadius = 6; % inches 
pitch = 4; % inches
bladeDirection = -1; % 1 CW,-1 CCW Used for computing twist correctly later
propHubThickness = .275; % in


seeds = [1.26884055137634,1.46795821189880,1.42056345939636,1.54589700698853,1.29312539100647;
    1.62482869625092,1.70043957233429,1.44336915016174,1.54022955894470,1.50428843498230;
    2.03406238555908,2.06226444244385,2.10311603546143,2.28520917892456,2.35388422012329];
